126938000000679155
126938000000904440
126938000000258221
126938000000904423
126938000000902999
126938000000906185
126938000001719436
126938000003622751
126938000003624040
126938000000092249
126938000000092249
126938000000378001
126938000000679173
126938000000042264
126938000000884129
126938000000882216
126938000000085056
126938000000884449
126938000000085127
126938000000342010
126938000000904828
126938000000904792
126938000000904801
126938000000925751
126938000000904616
126938000000904837
126938000000904810
126938000000904774
126938000000904819
126938000000097225
126938000000042301
126938000000233365
126938000000044052
126938000000451090
126938000000882023
126938000000096563
126938000000884496
126938000001719476
126938000001719493
126938000000325023
126938000001165279
126938000000795224
126938000000462069
126938000000906069
126938000000620115
126938000001166073
126938000000880838
126938000000884458
126938000000196001
126938000000047035
126938000000906048
126938000001719453
126938000000880704
126938000000680029
126938000000884479
126938000000039374
126938000000632152
126938000000632161
126938000000632170
126938000000984090
126938000000902061
126938000001714787
126938000000984072
126938000000196001
126938000000984081
126938000000645691
126938000001165331
126938000000645742
126938000000984059
126938000001737067
126938000000258132
126938000000119124
126938000000233374
126938000000451081
126938000000880056
126938000000059001
126938000002102101
126938000000462078
126938000000906405
126938000000044069
126938000003319215
126938000002087819
126938000000679144
126938000000967223
126938000000110491
126938000000258154
126938000000884893
126938000000241042
126938000000821204
126938000000880795
126938000000096286
126938000000451059
126938000001826560
126938000000097234
126938000001165382
126938000000880855
126938000000122146
126938000000046023
126938000000882197
126938000000880027
126938000000093766
126938000000904735
126938000000094659
126938000001166184
126938000000258212
126938000000110482
126938000000884672
126938000000901578
126938000000042175
126938000000096545
126938000001737067
126938000001714194
126938000001737067
126938000001148307
126938000000085065
126938000000632188
126938000000097216
126938000000590037
126938000000085091
126938000000378024
126938000000925718
126938000000378033
126938000000378033
126938000000378050
126938000000085118
126938000000085118
126938000000882810
126938000000882819
126938000000882856
126938000000905437
126938000000905531
126938000000551096
126938000000049406
126938000000904205
