119.0330601 50 126938000000472400 9.46
137.1054221L 500 126938000000069009 13.82
137.1254221L 20 126938000000069036 15.19
137.1054821L 500 126938000000069018 14.90
137.1254821L 20 126938000000069045 17.26
137.1056021L 30 126938000000069027 16.53
137.1256021L 20 126938000000069054 19.27
136.1053421L 100 126938000000068257 8.19
713.400 500 126938000000069063 1.60
138.1004011L 150 126938000000068208 8.88
138.1204011L 150 126938000000068226 9.36
138.1504011L 150 126938000000068248 11.69
138.0804011L 20 126938000000472418 6.25
138.1605011L 30 126938000000472427 14.61
119.0331001 30 126938000000068049 11.58
119.0331201 30 126938000000472409 16.24
119.0331401 20 126938000000068105 19.13
119.0331601 20 126938000000068135 21.99
119.0331831 30 126938000000068154 25.33
119.0332031 150 126938000000068181 27.02
119.0332431 20 126938000000068199 32.19
119.0330801 50 126938000000068007 10.90
119.0331003 250 126938000000068064 12.97
119.0331203 100 126938000000068082 17.78
119.0331403 30 126938000000068120 20.79
119.0331833 50 126938000000068172 27.07
119.0332033 20 126938000000472454 28.82
119.0330803 100 126938000000068016 12.32