126938000000069009 200
126938000000069036 20
126938000000069018 400
126938000000069045 30
126938000000068266 30
126938000000068257 150
126938000000069072 200
126938000000068208 150
126938000000068226 200
126938000000068248 300
126938000000472418 40
126938000000472427 30
126938000000068049 150
126938000000068105 50
126938000000068135 20
126938000000068154 30
126938000000068181 250
126938000000068190 30
126938000000068199 20
126938000000068064 250
126938000000068082 100
126938000000068120 30
126938000000068172 30
126938000000472454 60
126938000000068016 100